osnap_w
70
-56.877475    52.0166    
-56.632425    52.0498    
-56.387375    52.083     
-56.142325    52.1162    
-55.897275    52.1494    
-55.652225    52.1826    
-55.407175    52.2158    
-55.162125    52.249     
-54.917075    52.2822    
-54.672025    52.3154    
-54.426975    52.3486    
-54.181925    52.3818    
-53.936875    52.415     
-53.691825    52.4482    
-53.446775    52.4814    
-53.201725    52.5146    
-52.711625    52.581     
-52.466575    52.6142    
-52.221525    52.6474    
-52.09595     52.66455   
-51.913875    52.736575  
-51.61725     52.82795   
-51.36965     52.92685   
-51.1951      53.00115   
-50.9755      53.0918    
-50.7918      53.166925  
-50.6336      53.226775  
-50.479575    53.289375  
-50.17578333  53.42186667
-49.85971667  53.55973333
-49.73452917  53.70697083
-49.6421875   53.9325125 
-49.54984583  54.15805417
-49.45750417  54.38359583
-49.3651625   54.6091375 
-49.27282083  54.83467917
-49.18047917  55.06022083
-49.0881375   55.2857625 
-48.99579583  55.51130417
-48.90345417  55.73684583
-48.8111125   55.9623875 
-48.71877083  56.18792917
-48.62642917  56.41347083
-48.5340875   56.6390125 
-48.44174583  56.86455417
-48.34940417  57.09009583
-48.2570625   57.3156375 
-48.16472083  57.54117917
-48.07237917  57.76672083
-47.9800375   57.9922625 
-47.88769583  58.21780417
-47.79535417  58.44334583
-47.7030125   58.6688875 
-47.61067083  58.89442917
-47.5068      59.031675  
-47.3914      59.080625  
-47.146275    59.189175  
-46.9775      59.2633    
-46.785475    59.34555   
-46.614025    59.41785   
-46.42715     59.49825   
-46.23545     59.58265   
-45.9082      59.7162    
-45.661       59.81915   
-45.55905     59.86285   
-45.4305      59.94191667
-45.2583      60.06435   
-45.0861      60.18678333
-44.9         60.2332    
-44.7         60.2036    
